[gd_scene load_steps=17 format=2]

[ext_resource path="res://Geometry/Bear2/bear2.glb" type="PackedScene" id=1]
[ext_resource path="res://Geometry/SmallTable/small_table.glb" type="PackedScene" id=2]
[ext_resource path="res://Geometry/Pumpkin/pumpkin.glb" type="PackedScene" id=3]
[ext_resource path="res://Geometry/Fire/fire.glb" type="PackedScene" id=4]
[ext_resource path="res://Geometry/Apples/apples.glb" type="PackedScene" id=5]
[ext_resource path="res://Geometry/Tree/tree.glb" type="PackedScene" id=6]
[ext_resource path="res://Geometry/Rock/rock.glb" type="PackedScene" id=7]
[ext_resource path="res://Geometry/SleepingBag/sleeping_bag.glb" type="PackedScene" id=8]
[ext_resource path="res://Geometry/Well/well.glb" type="PackedScene" id=9]
[ext_resource path="res://Geometry/Bear/bear.glb" type="PackedScene" id=10]
[ext_resource path="res://Geometry/Grass/grass10.glb" type="PackedScene" id=11]
[ext_resource path="res://Geometry/ClayWater/water_clay.glb" type="PackedScene" id=12]
[ext_resource path="res://Geometry/TreeStump/tree_stump.glb" type="PackedScene" id=13]
[ext_resource path="res://Geometry/Trolley/trolley.glb" type="PackedScene" id=14]
[ext_resource path="res://Geometry/Outhouse/outhouse.glb" type="PackedScene" id=15]
[ext_resource path="res://Geometry/MexicoGrass/mexico_grass.glb" type="PackedScene" id=16]

[node name="Spatial" type="Spatial"]
transform = Transform( 0.999963, 0, 0.00863927, 0, 1, 0, -0.00863927, 0, 0.999963, 0.354718, 0.0382566, 0.00389099 )

[node name="apples" parent="." instance=ExtResource( 5 )]
transform = Transform( 1, 0, 0, 0, 1, 0, 0, 0, 1, -0.252, 0.624, -1.62 )

[node name="fire" parent="." instance=ExtResource( 4 )]
transform = Transform( 1, 0, 0, 0, 1, 0, 0, 0, 1, -3.9872, 0.3, -3.52838 )

[node name="pumpkin" parent="." instance=ExtResource( 3 )]
transform = Transform( 1, 0, 0, 0, 1, 0, 0, 0, 1, -0.207013, 0.623575, -2.04969 )

[node name="tree" parent="." instance=ExtResource( 6 )]
transform = Transform( 0.292222, 0, 0.956351, 0, 1, 0, -0.956351, 0, 0.292222, 4.5603, 0.3, -0.244515 )

[node name="sleeping_bag" parent="." instance=ExtResource( 8 )]
transform = Transform( 0.914035, 0, -0.405636, 0, 1, 0, 0.405636, 0, 0.914035, -2.98148, 0.3, -2.64973 )

[node name="rock" parent="." instance=ExtResource( 7 )]
transform = Transform( 0.963027, 0, -0.269407, 0, 1, 0, 0.269407, 0, 0.963027, 3.5378, 0.3, 1.35456 )

[node name="well" parent="." instance=ExtResource( 9 )]
transform = Transform( 1, 0, 0, 0, 1, 0, 0, 0, 1, 0, 0.25, 0 )

[node name="bear" parent="." instance=ExtResource( 10 )]
transform = Transform( 0.847207, 0, -0.531264, 0, 1, 0, 0.531264, 0, 0.847207, 2.82746, 0.3, -3.14227 )

[node name="trolley" parent="." instance=ExtResource( 14 )]
transform = Transform( 0.709509, 0, 0.704696, 0, 1, 0, -0.704696, 0, 0.709509, -2.8079, 0.2, 3.12036 )

[node name="tree_stump" parent="." instance=ExtResource( 13 )]
transform = Transform( 1, 0, 0, 0, 1, 0, 0, 0, 1, -1.94635, 0.2, -2.74025 )

[node name="outhouse" parent="." instance=ExtResource( 15 )]
transform = Transform( -0.0462696, 0, -0.998929, 0, 1, 0, 0.998929, 0, -0.0462696, 3.79491, 0.3, 3.39794 )

[node name="mexico_grass" parent="." instance=ExtResource( 16 )]
transform = Transform( 1, 0, 0, 0, 1, 0, 0, 0, 1, 3.183, 1.89473, 1.48 )

[node name="water_clay" parent="." instance=ExtResource( 12 )]
transform = Transform( 0.833134, 0, -0.553072, 0, 1, 0, 0.553072, 0, 0.833134, -1.89605, 0.875373, -2.78867 )

[node name="bear2" parent="." instance=ExtResource( 1 )]
transform = Transform( 0.723355, 0, -0.690479, 0, 1, 0, 0.690479, 0, 0.723355, 2.70005, 0.3, 0.0535272 )

[node name="grass10" parent="." instance=ExtResource( 11 )]

[node name="rock2" parent="." instance=ExtResource( 7 )]
transform = Transform( 0.842763, 0, 0.538286, 0, 1, 0, -0.538286, 0, 0.842763, 4.27452, 0.3, 1.86295 )

[node name="tree3" parent="." instance=ExtResource( 6 )]
transform = Transform( -0.499214, 0, 0.866479, 0, 1, 0, -0.866479, 0, -0.499214, 2.80948, 0.3, -1.71926 )

[node name="small_table" parent="." instance=ExtResource( 2 )]
transform = Transform( 0.979057, 0, -0.20359, 0, 1, 0, 0.20359, 0, 0.979057, 0.203907, 0.3, -1.78678 )

[node name="DirectionalLight" type="DirectionalLight" parent="."]
transform = Transform( 0.252137, 0, -0.967691, 0, 1, 0, 0.967691, 0, 0.252137, -10.7629, 6.05829, 4.02961 )
